[data]
Password = 309265281
Money = 14300
Health = 100.000000
Armour = 0.000000
Sex = 1
Age = 21
VIP = 0
Admin = 3
OnDuty = 0
PosX = 132.000000
PosY = -67.291557
PosZ = 1.578125
PosA = 0.000000
Skin = 0
VirtualW = 0
Interior = 0
Weapon0 = 0
Ammo0 = 0
Weapon1 = 0
Ammo1 = 0
Weapon2 = 0
Ammo2 = 0
Weapon3 = 0
Ammo3 = 0
Weapon4 = 0
Ammo4 = 0
Weapon5 = 0
Ammo5 = 0
Weapon6 = 0
Ammo6 = 0
Weapon7 = 0
Ammo7 = 0
Weapon8 = 0
Ammo8 = 0
Weapon9 = 0
Ammo9 = 0
Weapon10 = 0
Ammo10 = 0
Weapon11 = 0
Ammo11 = 0
Weapon12 = 0
Ammo12 = 0
